6
199
0 0 85
0 0 86
0 0 87
0 0 88
0 0 89
0 0 90
0 0 91
0 0 92
0 0 93
0 0 94
0 0 95
0 0 96
0 0 97
0 0 98
0 0 99
0 0 100
0 0 101
0 0 102
0 0 103
0 0 104
0 0 105
0 0 106
0 0 107
0 0 108
0 0 109
0 0 110
0 0 111
0 0 112
0 0 113
0 0 114
0 0 115
0 0 116
0 0 117
0 0 118
1 0 119
1 0 120
1 0 121
2 0 122
3 0 123
3 0 124
4 0 124
4 0 125
5 0 123
6 0 124
7 0 125
7 0 126
7 0 127
8 0 128
9 0 127
10 0 127
11 0 128
12 0 128
12 0 127
12 0 126
13 0 125
14 0 126
15 0 127
15 0 128
16 0 128
17 0 128
18 0 129
18 0 130
17 0 130
19 0 130
20 0 129
21 0 129
22 0 129
23 0 129
24 0 129
25 0 130
25 0 131
26 0 129
27 0 129
28 0 129
29 0 129
29 0 128
30 0 127
29 0 126
30 0 125
31 0 124
32 0 125
33 0 124
34 0 123
35 0 124
35 0 125
36 0 123
37 0 123
38 0 123
39 0 122
40 0 123
40 0 124
41 0 123
42 0 123
43 0 122
44 0 121
44 0 120
44 0 119
44 0 118
45 0 117
45 0 116
46 0 115
47 0 115
47 0 114
48 0 113
49 0 112
49 0 111
49 0 110
48 0 109
48 0 108
49 0 107
50 0 108
51 0 107
51 0 106
51 0 105
50 0 104
50 0 103
50 0 102
49 0 101
49 0 100
50 0 99
51 0 99
51 0 98
50 0 97
49 0 96
48 0 95
49 0 94
50 0 94
48 0 93
48 0 92
49 0 91
49 0 90
50 0 89
49 0 88
48 0 88
47 0 87
47 0 86
46 0 85
45 0 85
44 0 84
43 0 83
43 0 82
43 0 81
42 0 80
42 0 79
43 0 79
44 0 79
41 0 78
40 0 77
40 0 76
39 0 76
38 0 75
37 0 75
36 0 74
35 0 74
34 0 73
33 0 72
32 0 73
31 0 74
30 0 74
29 0 73
28 0 72
28 0 71
27 0 70
27 0 69
26 0 69
25 0 68
24 0 68
24 0 67
24 0 66
23 0 69
22 0 69
21 0 68
20 0 68
20 0 69
19 0 70
18 0 70
17 0 71
17 0 72
16 0 73
15 0 73
15 0 74
14 0 75
13 0 74
12 0 75
11 0 76
10 0 76
10 0 77
9 0 77
8 0 78
7 0 79
6 0 78
5 0 78
4 0 79
4 0 80
4 0 81
3 0 82
3 0 83
2 0 84
1 0 84
205
87 0 36
87 0 37
88 0 37
89 0 37
89 0 38
88 0 39
87 0 40
88 0 41
89 0 42
89 0 43
90 0 43
91 0 43
92 0 43
93 0 44
93 0 45
93 0 46
92 0 47
93 0 48
93 0 49
93 0 50
94 0 50
94 0 51
94 0 52
93 0 53
92 0 54
92 0 55
93 0 56
93 0 57
94 0 57
95 0 58
96 0 57
97 0 57
98 0 58
98 0 59
98 0 60
99 0 61
99 0 62
98 0 63
99 0 64
100 0 65
100 0 66
99 0 66
101 0 64
102 0 65
103 0 66
104 0 67
105 0 68
105 0 69
105 0 70
106 0 68
107 0 69
108 0 68
109 0 69
110 0 70
111 0 71
112 0 72
113 0 73
114 0 74
115 0 73
116 0 73
117 0 73
118 0 72
119 0 73
120 0 74
121 0 73
122 0 73
123 0 72
124 0 72
125 0 71
126 0 70
127 0 71
128 0 71
129 0 71
130 0 71
131 0 71
132 0 72
132 0 73
133 0 73
133 0 72
134 0 71
134 0 70
134 0 69
134 0 68
134 0 67
135 0 66
136 0 66
137 0 65
136 0 64
137 0 63
138 0 63
139 0 63
139 0 62
139 0 61
139 0 60
139 0 59
139 0 58
139 0 57
139 0 56
139 0 55
139 0 54
139 0 53
139 0 52
139 0 51
139 0 50
139 0 49
139 0 48
139 0 47
139 0 46
139 0 45
139 0 44
139 0 43
139 0 42
139 0 41
139 0 40
139 0 39
139 0 38
139 0 37
139 0 36
139 0 35
139 0 34
139 0 33
139 0 32
139 0 31
139 0 30
139 0 29
139 0 28
139 0 27
139 0 26
139 0 25
139 0 24
139 0 23
139 0 22
139 0 21
139 0 20
139 0 19
139 0 18
139 0 17
138 0 17
137 0 16
136 0 16
135 0 15
134 0 15
133 0 16
132 0 15
131 0 15
130 0 15
129 0 15
128 0 15
127 0 14
126 0 14
125 0 13
124 0 13
123 0 14
122 0 13
122 0 12
121 0 14
120 0 14
119 0 14
118 0 14
117 0 15
116 0 15
115 0 14
115 0 13
114 0 13
113 0 13
112 0 14
113 0 15
112 0 16
111 0 16
110 0 16
109 0 15
108 0 14
107 0 14
106 0 15
105 0 14
104 0 15
103 0 16
103 0 17
102 0 18
102 0 19
101 0 20
100 0 21
101 0 22
100 0 23
99 0 23
99 0 24
98 0 25
97 0 25
97 0 26
96 0 27
97 0 28
97 0 29
96 0 30
97 0 31
96 0 32
95 0 33
94 0 33
93 0 33
92 0 33
91 0 34
90 0 33
89 0 33
88 0 34
89 0 35
90 0 36
225
13 0 47
13 0 48
13 0 49
13 0 50
13 0 51
13 0 52
14 0 53
14 0 54
14 0 55
15 0 56
14 0 57
15 0 58
14 0 59
13 0 59
13 0 60
13 0 61
13 0 62
13 0 63
14 0 64
14 0 65
15 0 66
16 0 66
17 0 67
18 0 68
18 0 69
19 0 68
20 0 67
21 0 67
22 0 68
23 0 68
23 0 67
23 0 66
24 0 65
25 0 66
25 0 67
26 0 68
27 0 68
28 0 69
28 0 70
29 0 71
29 0 72
30 0 73
31 0 73
32 0 72
33 0 71
34 0 72
35 0 73
36 0 73
37 0 74
38 0 74
39 0 75
40 0 75
41 0 76
41 0 77
42 0 78
43 0 78
44 0 78
45 0 79
44 0 80
43 0 80
44 0 81
44 0 82
44 0 83
45 0 84
46 0 84
47 0 85
48 0 86
48 0 87
49 0 86
50 0 87
50 0 88
51 0 89
50 0 90
50 0 91
50 0 92
49 0 92
51 0 91
52 0 91
53 0 91
54 0 91
55 0 91
56 0 90
57 0 91
58 0 91
59 0 90
60 0 89
59 0 88
60 0 87
60 0 86
61 0 85
62 0 86
61 0 87
61 0 88
63 0 85
64 0 85
65 0 84
66 0 83
67 0 82
67 0 81
66 0 81
65 0 80
66 0 79
66 0 78
67 0 77
68 0 76
69 0 76
70 0 75
71 0 75
71 0 76
72 0 76
72 0 74
73 0 73
74 0 72
73 0 71
73 0 70
74 0 69
75 0 69
75 0 70
75 0 71
76 0 71
77 0 70
76 0 69
73 0 68
73 0 67
73 0 66
73 0 65
72 0 64
71 0 63
71 0 62
71 0 61
71 0 60
70 0 60
69 0 60
68 0 59
67 0 58
67 0 57
66 0 56
66 0 55
65 0 55
64 0 54
63 0 53
62 0 52
62 0 51
62 0 50
62 0 49
62 0 48
62 0 47
61 0 46
61 0 45
60 0 44
59 0 44
58 0 43
57 0 42
57 0 41
57 0 40
57 0 39
56 0 39
55 0 38
55 0 37
55 0 36
54 0 35
55 0 34
56 0 33
56 0 32
55 0 32
54 0 31
54 0 30
53 0 30
52 0 29
52 0 28
51 0 27
51 0 26
51 0 25
50 0 24
49 0 25
49 0 26
49 0 27
48 0 28
47 0 28
46 0 27
45 0 26
44 0 25
43 0 24
42 0 25
41 0 25
40 0 25
39 0 26
38 0 27
37 0 28
37 0 29
36 0 30
35 0 29
34 0 29
34 0 30
35 0 31
34 0 32
33 0 33
32 0 33
31 0 32
30 0 32
29 0 33
28 0 33
27 0 32
26 0 32
25 0 33
24 0 32
23 0 31
22 0 32
21 0 33
21 0 34
20 0 35
20 0 36
21 0 37
20 0 38
19 0 39
18 0 40
17 0 41
17 0 42
16 0 43
15 0 43
14 0 44
15 0 45
14 0 46
19 0 41
20 0 40
1
116 0 68
226
47 0 17
47 0 18
48 0 17
49 0 16
50 0 15
51 0 14
50 0 13
49 0 13
50 0 12
51 0 11
51 0 10
52 0 10
53 0 9
54 0 8
55 0 9
56 0 8
57 0 9
58 0 8
58 0 7
57 0 6
57 0 5
58 0 4
59 0 4
60 0 3
61 0 4
62 0 4
62 0 3
63 0 5
64 0 4
65 0 3
66 0 2
67 0 3
68 0 3
69 0 2
70 0 3
71 0 2
72 0 2
73 0 2
74 0 2
75 0 1
75 0 0
74 0 0
76 0 0
77 0 0
78 0 0
79 0 0
80 0 0
81 0 0
82 0 0
83 0 0
84 0 0
85 0 0
86 0 0
87 0 0
88 0 0
89 0 0
90 0 0
91 0 0
92 0 1
92 0 2
93 0 3
94 0 3
95 0 3
95 0 4
96 0 5
97 0 6
98 0 5
99 0 5
99 0 6
100 0 5
100 0 7
101 0 7
102 0 8
102 0 9
103 0 10
103 0 11
103 0 12
104 0 13
104 0 14
103 0 15
102 0 16
102 0 17
101 0 18
101 0 19
100 0 20
99 0 21
99 0 22
100 0 22
98 0 23
98 0 24
97 0 24
96 0 25
96 0 26
95 0 27
96 0 28
96 0 29
95 0 30
96 0 31
95 0 32
94 0 32
93 0 32
92 0 32
91 0 33
90 0 32
89 0 32
88 0 33
87 0 34
87 0 35
88 0 35
88 0 36
89 0 36
88 0 38
87 0 38
87 0 39
86 0 40
87 0 41
88 0 42
88 0 43
89 0 44
90 0 44
91 0 44
92 0 44
92 0 45
92 0 46
91 0 47
92 0 48
92 0 49
92 0 50
93 0 51
93 0 52
92 0 53
91 0 54
91 0 55
92 0 56
92 0 57
93 0 58
94 0 58
95 0 59
96 0 59
97 0 60
98 0 61
97 0 62
96 0 63
96 0 64
96 0 65
95 0 65
94 0 65
93 0 66
92 0 66
92 0 65
91 0 64
90 0 65
89 0 64
88 0 64
87 0 65
86 0 66
86 0 67
87 0 67
85 0 68
84 0 69
83 0 69
82 0 69
81 0 70
80 0 70
79 0 71
78 0 70
77 0 69
76 0 68
75 0 68
74 0 68
74 0 67
74 0 66
74 0 65
73 0 64
72 0 63
72 0 62
72 0 61
72 0 60
71 0 59
70 0 59
69 0 59
68 0 58
68 0 57
67 0 56
67 0 55
66 0 54
65 0 54
64 0 53
63 0 52
63 0 51
63 0 50
63 0 49
63 0 48
63 0 47
62 0 46
62 0 45
61 0 44
60 0 43
59 0 43
58 0 42
58 0 41
58 0 40
58 0 39
57 0 38
56 0 38
56 0 37
56 0 36
55 0 35
56 0 34
57 0 33
57 0 32
56 0 31
55 0 31
55 0 30
54 0 29
53 0 29
53 0 28
52 0 27
52 0 26
52 0 25
52 0 24
52 0 23
51 0 22
50 0 21
49 0 20
48 0 19
220
29 0 138
29 0 139
30 0 139
31 0 139
32 0 139
33 0 139
34 0 139
35 0 139
36 0 139
37 0 139
38 0 139
39 0 139
40 0 139
41 0 139
42 0 139
43 0 139
44 0 139
45 0 139
46 0 139
47 0 139
48 0 139
49 0 139
50 0 139
51 0 139
52 0 139
53 0 139
54 0 139
55 0 139
56 0 139
57 0 139
58 0 139
59 0 139
60 0 139
61 0 139
62 0 139
63 0 139
64 0 139
65 0 139
66 0 139
67 0 139
68 0 139
69 0 139
70 0 139
71 0 139
72 0 139
73 0 139
74 0 139
75 0 139
76 0 139
77 0 139
78 0 139
79 0 139
80 0 139
81 0 139
82 0 139
83 0 139
84 0 139
85 0 139
86 0 139
87 0 139
88 0 139
89 0 139
90 0 139
91 0 139
92 0 139
93 0 139
94 0 139
95 0 139
96 0 139
97 0 139
98 0 139
99 0 139
100 0 139
101 0 139
102 0 139
103 0 139
104 0 139
105 0 139
105 0 138
106 0 137
106 0 136
105 0 136
104 0 135
104 0 134
103 0 134
102 0 135
103 0 136
104 0 133
105 0 132
104 0 131
105 0 130
105 0 129
105 0 128
104 0 128
103 0 127
104 0 126
104 0 125
104 0 124
103 0 123
103 0 122
104 0 121
105 0 120
105 0 119
104 0 118
103 0 117
102 0 116
103 0 115
102 0 114
102 0 113
101 0 113
100 0 112
100 0 111
99 0 110
100 0 109
100 0 108
99 0 108
98 0 107
98 0 106
98 0 105
98 0 104
97 0 104
96 0 104
95 0 104
94 0 103
93 0 102
92 0 101
91 0 100
90 0 101
89 0 101
88 0 100
88 0 99
87 0 99
85 0 99
84 0 99
83 0 99
82 0 98
81 0 98
80 0 97
79 0 96
78 0 96
77 0 95
76 0 96
75 0 96
74 0 97
73 0 97
73 0 96
72 0 96
71 0 96
71 0 98
70 0 98
69 0 97
68 0 97
68 0 96
67 0 98
66 0 98
65 0 98
64 0 98
63 0 97
62 0 97
61 0 98
60 0 99
59 0 100
58 0 100
57 0 101
56 0 101
55 0 101
54 0 101
53 0 102
52 0 102
51 0 102
51 0 103
51 0 104
52 0 105
52 0 106
52 0 107
51 0 108
50 0 109
49 0 109
49 0 108
50 0 110
50 0 111
50 0 112
49 0 113
48 0 114
48 0 115
48 0 116
47 0 117
46 0 117
46 0 116
45 0 118
45 0 119
45 0 120
45 0 121
44 0 122
43 0 123
42 0 124
41 0 124
40 0 125
39 0 124
38 0 124
37 0 124
36 0 124
36 0 125
35 0 126
34 0 125
33 0 125
33 0 126
32 0 127
31 0 127
31 0 128
31 0 129
31 0 130
30 0 131
31 0 132
32 0 133
32 0 134
32 0 135
32 0 136
31 0 137
30 0 137
